select year_in, month_in, count(*) from visits group by year_in, month_in order by year_in, month_in;
2015    10      3
2015    11      1
2015    12      2
2016    2       2
2016    4       3
2016    5       10
2016    6       10
2016    7       17
2016    8       23
2016    9       185
2016    10      843136
2016    11      1
2016    12      5
2017    1       2
2017    2       3
2017    3       6
2017    4       11
2017    5       21
2017    6       45
2017    7       193
2017    8       842108
2017    9       842434


select year_out, month_out, count(*) from visits group by year_out, month_out order by year_out, month_out;
2016    10      788627
2016    11      54654
2016    12      42
2017    1       19
2017    2       11
2017    3       11
2017    4       7
2017    5       6
2017    6       4
2017    7       2
2017    8       787746
2017    9       817040
2017    10      79893
2017    11      61
2017    12      31
2018    1       16
2018    2       12
2018    3       11
2018    4       12
2018    5       5
2018    6       1
2018    7       3
2018    8       4
2018    9       2
2018    10      1

